1.5707963267949
1.5707963267949
1.57073214515341
1.57052613672397
1.56995786944583
1.56847841138914
1.56615160785011
1.56218749300712
1.55579797626663
1.54753443873646
1.53606171054836
1.52074063557254
1.50268823111521
1.48027610518054
1.45326756805456
1.42317097053737
1.3883971885663
1.34917080726619
1.30708909566901
1.26089386626977
1.21117953298341
1.159329109028
1.1046001022669
1.0477889358732
0.989843761615598
0.930598246687009
0.870872568976326
0.811076036748373
0.751571637884952
0.693060120871377
0.635419637441539
0.579424291078457
0.525569472952793
0.473292274365782
0.423628685204425
0.376841321946558
0.332060199525044
0.290436578680096
0.252018257542979
0.215770660963156
0.182837597684133
0.153096410762687
0.125474083293403
0.101016988840114
0.0794855057327182
0.0598654556186314
0.0430485509577401
0.0287293251127004
0.0160181275871558
0.00562321102285216
0.00573391548551306
0.00992994800744961
0.0152973560317014
0.0192022380712774
0.0221979239624009
0.0239428582795113
0.0247173962433922
0.0249053322468092
0.0243178855019028
0.0231832334097462
0.0217345147798388
0.0199032424412328
0.0178578521087296
0.0157085780001621
0.0134716801456031
