0.00350612537224261
0.00361228698864794
0.00362848651352848
0.00358827018259558
0.00340639264741909
0.00318980121480924
0.0028024429860983
0.00238825170774132
0.00187510524828139
0.00135734753982599
0.000833033027243376
0.000426893718530494
9.55266392595141e-05
0.000177115889181734
0.00036539021780466
0.00149769810646729
0.0029568205968126
0.00563650893188061
0.00925784152344513
0.0142298496388674
0.0211470300764964
0.0293059675594414
0.0408795280241025
0.0533052797107503
0.0710303035538962
0.090124068346191
0.114395244554831
0.141832093752705
0.173849588243329
0.211268828044521
0.252167189868823
0.301039357478208
0.351887131551246
0.413288091619075
0.476982430388262
0.549463759462649
0.626473544568275
0.710093509642536
0.800224229118122
0.894585689943434
0.996877211500984
1.10112551547996
1.21374785500925
1.3276967795097
1.44679460604993
1.56753011480334
1.69067720264431
1.81455333901791
1.93890742705467
2.06169068748952
2.1840731709857
2.30115852157145
2.41647403878421
2.5248301799286
2.62833943254972
2.72464839412761
2.81186150693243
2.89305864388912
2.96001045267285
3.02341277328044
3.06693631186269
3.10616999857947
3.12831208371213
3.14159265358979
3.14159265358979
3.12831208371213
3.10616999857947
3.06693631186269
3.02341277328044
2.96001045267285
2.89305864388912
2.81186150693243
2.72464839412761
2.62833943254972
2.5248301799286
2.41647403878421
2.30115852157145
2.1840731709857
2.06169068748952
1.93890742705467
1.81455333901791
1.69067720264431
1.56753011480334
1.44679460604993
1.3276967795097
1.21374785500925
1.10112551547996
0.996877211500984
0.894585689943434
0.800224229118122
0.710093509642536
0.626473544568274
0.549463759462649
0.476982430388262
0.413288091619075
0.351887131551246
0.301039357478208
0.252167189868823
0.211268828044521
0.173849588243329
0.141832093752705
0.114395244554831
0.090124068346191
0.0710303035538962
0.0533052797107503
0.0408795280241025
0.0293059675594414
0.0211470300764964
0.0142298496388674
0.00925784152344513
0.00563650893188061
0.0029568205968126
0.00149769810646729
0.00036539021780466
0.000177115889181734
9.55266392595141e-05
0.000426893718530494
0.000833033027243376
0.00135734753982599
0.00187510524828139
0.00238825170774132
0.0028024429860983
0.00318980121480924
0.00340639264741909
0.00358827018259558
0.00362848651352848
0.00361228698864794
0.00350612537224261
